rCut 1.12246
region 22.36068 22.36068
velMag 1.41244
-10.62132 -10.62132 -0.52568 -1.29390 0.00000 0.00000
-9.50329 -10.62132 -1.46633 -0.19711 0.00000 0.00000
-8.38525 -10.62132 -0.57596 -1.27589 0.00000 0.00000
-7.26722 -10.62132 -1.26454 -0.71652 0.00000 0.00000
-6.14919 -10.62132 0.94632 -0.93132 0.00000 0.00000
-5.03115 -10.62132 -0.30986 1.43736 0.00000 0.00000
-3.91312 -10.62132 -1.47617 -0.13136 0.00000 0.00000
-2.79508 -10.62132 -1.48266 0.15749 0.00000 0.00000
-1.67705 -10.62132 -0.41157 -1.32707 0.00000 0.00000
-0.55902 -10.62132 1.32611 -0.13612 0.00000 0.00000
0.55902 -10.62132 1.28637 -0.33275 0.00000 0.00000
1.67705 -10.62132 1.01485 0.94341 0.00000 0.00000
2.79508 -10.62132 0.55411 1.30936 0.00000 0.00000
3.91312 -10.62132 -1.12166 0.99274 0.00000 0.00000
5.03115 -10.62132 1.30514 0.34626 0.00000 0.00000
6.14919 -10.62132 0.25265 -1.32936 0.00000 0.00000
7.26722 -10.62132 0.73932 1.19889 0.00000 0.00000
8.38525 -10.62132 1.24518 -0.45822 0.00000 0.00000
9.50329 -10.62132 0.75480 -1.09856 0.00000 0.00000
10.62132 -10.62132 -1.35981 0.63076 0.00000 0.00000
-10.62132 -9.50329 1.16673 0.71827 0.00000 0.00000
-9.50329 -9.50329 -1.46042 0.31820 0.00000 0.00000
-8.38525 -9.50329 0.95683 -0.92021 0.00000 0.00000
-7.26722 -9.50329 -0.83037 1.23794 0.00000 0.00000
-6.14919 -9.50329 -1.36078 -0.53939 0.00000 0.00000
-5.03115 -9.50329 1.17203 0.70841 0.00000 0.00000
-3.91312 -9.50329 -1.22920 -0.76913 0.00000 0.00000
-2.79508 -9.50329 -1.27998 -0.69183 0.00000 0.00000
-1.67705 -9.50329 -0.50274 1.39066 0.00000 0.00000
-0.55902 -9.50329 0.76141 1.18299 0.00000 0.00000
0.55902 -9.50329 1.33378 -0.06077 0.00000 0.00000
1.67705 -9.50329 1.33568 -0.03117 0.00000 0.00000
2.79508 -9.50329 1.24580 0.54583 0.00000 0.00000
3.91312 -9.50329 -1.46281 -0.21658 0.00000 0.00000
5.03115 -9.50329 1.22728 0.59214 0.00000 0.00000
6.14919 -9.50329 1.04398 0.90689 0.00000 0.00000
7.26722 -9.50329 -0.04613 1.45678 0.00000 0.00000
8.38525 -9.50329 -0.61724 -1.25948 0.00000 0.00000
9.50329 -9.50329 1.29581 -0.29688 0.00000 0.00000
10.62132 -9.50329 0.27979 1.41185 0.00000 0.00000
-10.62132 -8.38525 -0.32386 -1.34568 0.00000 0.00000
-9.50329 -8.38525 1.29195 0.40127 0.00000 0.00000
-8.38525 -8.38525 -0.28174 -1.35257 0.00000 0.00000
-7.26722 -8.38525 0.25570 -1.32863 0.00000 0.00000
-6.14919 -8.38525 -0.44874 1.40665 0.00000 0.00000
-5.03115 -8.38525 0.52548 1.32320 0.00000 0.00000
-3.91312 -8.38525 -1.03714 1.07844 0.00000 0.00000
-2.79508 -8.38525 -1.32488 0.70198 0.00000 0.00000
-1.67705 -8.38525 -0.21051 -1.36128 0.00000 0.00000
-0.55902 -8.38525 0.35261 1.39087 0.00000 0.00000
0.55902 -8.38525 -0.42161 1.41381 0.00000 0.00000
1.67705 -8.38525 -1.11399 -0.91190 0.00000 0.00000
2.79508 -8.38525 -0.88234 -1.11415 0.00000 0.00000
3.91312 -8.38525 0.86920 -1.00609 0.00000 0.00000
5.03115 -8.38525 -0.77865 -1.17991 0.00000 0.00000
6.14919 -8.38525 -1.48169 0.16891 0.00000 0.00000
7.26722 -8.38525 1.28123 0.44006 0.00000 0.00000
8.38525 -8.38525 0.51867 -1.23712 0.00000 0.00000
9.50329 -8.38525 1.10281 -0.73538 0.00000 0.00000
10.62132 -8.38525 0.22546 -1.33555 0.00000 0.00000
-10.62132 -7.26722 1.08205 -0.76585 0.00000 0.00000
-9.50329 -7.26722 -1.38721 -0.47729 0.00000 0.00000
-8.38525 -7.26722 -0.20061 -1.36220 0.00000 0.00000
-7.26722 -7.26722 -0.24254 1.44707 0.00000 0.00000
-6.14919 -7.26722 -0.50911 -1.29937 0.00000 0.00000
-5.03115 -7.26722 -1.29690 0.75265 0.00000 0.00000
-3.91312 -7.26722 1.28921 0.41161 0.00000 0.00000
-2.79508 -7.26722 0.59998 -1.19625 0.00000 0.00000
-1.67705 -7.26722 1.00927 0.95014 0.00000 0.00000
-0.55902 -7.26722 0.28279 1.41107 0.00000 0.00000
0.55902 -7.26722 1.26060 0.50494 0.00000 0.00000
1.67705 -7.26722 -1.05919 1.05746 0.00000 0.00000
2.79508 -7.26722 0.31444 -1.31315 0.00000 0.00000
3.91312 -7.26722 0.75887 -1.09560 0.00000 0.00000
5.03115 -7.26722 1.25742 -0.42481 0.00000 0.00000
6.14919 -7.26722 1.21609 -0.52878 0.00000 0.00000
7.26722 -7.26722 -1.20176 -0.80673 0.00000 0.00000
8.38525 -7.26722 -1.31686 -0.62777 0.00000 0.00000
9.50329 -7.26722 -1.47951 0.19155 0.00000 0.00000
10.62132 -7.26722 1.31037 -0.23199 0.00000 0.00000
-10.62132 -6.14919 1.28434 0.42927 0.00000 0.00000
-9.50329 -6.14919 1.24043 0.55975 0.00000 0.00000
-8.38525 -6.14919 0.06296 -1.36109 0.00000 0.00000
-7.26722 -6.14919 -0.62314 1.34626 0.00000 0.00000
-6.14919 -6.14919 -0.89261 1.19617 0.00000 0.00000
-5.03115 -6.14919 1.23591 0.57115 0.00000 0.00000
-3.91312 -6.14919 -0.51834 -1.29635 0.00000 0.00000
-2.79508 -6.14919 0.04217 -1.36297 0.00000 0.00000
-1.67705 -6.14919 1.33208 -0.08142 0.00000 0.00000
-0.55902 -6.14919 1.21736 -0.52590 0.00000 0.00000
0.55902 -6.14919 -0.25850 1.44506 0.00000 0.00000
1.67705 -6.14919 -0.06949 -1.36781 0.00000 0.00000
2.79508 -6.14919 1.31367 -0.21492 0.00000 0.00000
3.91312 -6.14919 -1.18569 -0.82759 0.00000 0.00000
5.03115 -6.14919 0.18208 1.43353 0.00000 0.00000
6.14919 -6.14919 1.12674 0.78724 0.00000 0.00000
7.26722 -6.14919 0.38140 -1.29214 0.00000 0.00000
8.38525 -6.14919 -0.61620 1.34916 0.00000 0.00000
9.50329 -6.14919 0.25576 1.41786 0.00000 0.00000
10.62132 -6.14919 -0.01352 1.45574 0.00000 0.00000
-10.62132 -5.03115 -1.13619 0.97645 0.00000 0.00000
-9.50329 -5.03115 0.22320 -1.33604 0.00000 0.00000
-8.38525 -5.03115 1.13315 0.77676 0.00000 0.00000
-7.26722 -5.03115 0.98445 0.97905 0.00000 0.00000
-6.14919 -5.03115 0.10395 -1.35647 0.00000 0.00000
-5.03115 -5.03115 1.04576 0.90458 0.00000 0.00000
-3.91312 -5.03115 -0.52552 1.38320 0.00000 0.00000
-2.79508 -5.03115 0.22054 -1.33661 0.00000 0.00000
-1.67705 -5.03115 1.23405 0.57576 0.00000 0.00000
-0.55902 -5.03115 1.30525 -0.25648 0.00000 0.00000
0.55902 -5.03115 0.79183 1.16001 0.00000 0.00000
1.67705 -5.03115 0.39967 1.37502 0.00000 0.00000
2.79508 -5.03115 -0.79021 1.26245 0.00000 0.00000
3.91312 -5.03115 -1.45791 -0.24138 0.00000 0.00000
5.03115 -5.03115 0.49348 -1.24849 0.00000 0.00000
6.14919 -5.03115 -0.17197 1.45372 0.00000 0.00000
7.26722 -5.03115 1.10599 -0.73056 0.00000 0.00000
8.38525 -5.03115 -1.01745 -1.00717 0.00000 0.00000
9.50329 -5.03115 1.31553 -0.20476 0.00000 0.00000
10.62132 -5.03115 -0.72011 1.30100 0.00000 0.00000
-10.62132 -3.91312 0.43194 -1.27382 0.00000 0.00000
-9.50329 -3.91312 -1.48538 -0.02639 0.00000 0.00000
-8.38525 -3.91312 0.59608 -1.19836 0.00000 0.00000
-7.26722 -3.91312 -1.48350 0.14642 0.00000 0.00000
-6.14919 -3.91312 0.22945 -1.33468 0.00000 0.00000
-5.03115 -3.91312 0.47280 -1.25738 0.00000 0.00000
-3.91312 -3.91312 -1.28985 0.76467 0.00000 0.00000
-2.79508 -3.91312 -0.20066 -1.36219 0.00000 0.00000
-1.67705 -3.91312 -0.53846 -1.28952 0.00000 0.00000
-0.55902 -3.91312 0.92926 1.03811 0.00000 0.00000
0.55902 -3.91312 1.21778 0.61421 0.00000 0.00000
1.67705 -3.91312 -0.94429 1.15767 0.00000 0.00000
2.79508 -3.91312 -0.96442 -1.05240 0.00000 0.00000
3.91312 -3.91312 -1.01988 -1.00499 0.00000 0.00000
5.03115 -3.91312 0.02115 -1.36456 0.00000 0.00000
6.14919 -3.91312 -1.18400 -0.82975 0.00000 0.00000
7.26722 -3.91312 -0.93415 -1.07626 0.00000 0.00000
8.38525 -3.91312 -0.32259 1.43515 0.00000 0.00000
9.50329 -3.91312 -1.13997 0.97212 0.00000 0.00000
10.62132 -3.91312 1.04096 0.91080 0.00000 0.00000
-10.62132 -2.79508 -0.32140 1.43536 0.00000 0.00000
-9.50329 -2.79508 1.33575 0.11915 0.00000 0.00000
-8.38525 -2.79508 -1.46497 -0.20484 0.00000 0.00000
-7.26722 -2.79508 1.09853 -0.74180 0.00000 0.00000
-6.14919 -2.79508 1.32919 0.19960 0.00000 0.00000
-5.03115 -2.79508 -1.29863 0.74966 0.00000 0.00000
-3.91312 -2.79508 0.98266 -0.89182 0.00000 0.00000
-2.79508 -2.79508 -0.19831 -1.36240 0.00000 0.00000
-1.67705 -2.79508 -0.25140 -1.35673 0.00000 0.00000
-0.55902 -2.79508 -1.41307 0.49611 0.00000 0.00000
0.55902 -2.79508 0.98994 -0.88354 0.00000 0.00000
1.67705 -2.79508 -0.96333 1.14253 0.00000 0.00000
2.79508 -2.79508 1.12746 0.78607 0.00000 0.00000
3.91312 -2.79508 -1.26011 0.81265 0.00000 0.00000
5.03115 -2.79508 -1.06383 -0.96368 0.00000 0.00000
6.14919 -2.79508 -1.46075 -0.22731 0.00000 0.00000
7.26722 -2.79508 -0.36410 1.42711 0.00000 0.00000
8.38525 -2.79508 1.33539 -0.03646 0.00000 0.00000
9.50329 -2.79508 -0.55013 -1.28541 0.00000 0.00000
10.62132 -2.79508 -1.46197 -0.22100 0.00000 0.00000
-10.62132 -1.67705 0.90843 -0.96948 0.00000 0.00000
-9.50329 -1.67705 -1.44642 -0.29223 0.00000 0.00000
-8.38525 -1.67705 1.33772 0.04460 0.00000 0.00000
-7.26722 -1.67705 -0.44843 -1.31749 0.00000 0.00000
-6.14919 -1.67705 1.03204 0.92216 0.00000 0.00000
-5.03115 -1.67705 -0.17618 1.45342 0.00000 0.00000
-3.91312 -1.67705 0.53198 1.32013 0.00000 0.00000
-2.79508 -1.67705 1.27599 0.45763 0.00000 0.00000
-1.67705 -1.67705 -1.33477 -0.59357 0.00000 0.00000
-0.55902 -1.67705 -1.04342 -0.98330 0.00000 0.00000
0.55902 -1.67705 -0.53048 -1.29227 0.00000 0.00000
1.67705 -1.67705 0.38951 1.37860 0.00000 0.00000
2.79508 -1.67705 -1.47705 -0.12417 0.00000 0.00000
3.91312 -1.67705 -0.86338 -1.12714 0.00000 0.00000
5.03115 -1.67705 0.23886 1.42182 0.00000 0.00000
6.14919 -1.67705 1.21788 -0.52474 0.00000 0.00000
7.26722 -1.67705 -0.83224 -1.14750 0.00000 0.00000
8.38525 -1.67705 -0.42947 1.41180 0.00000 0.00000
9.50329 -1.67705 -0.69316 1.31448 0.00000 0.00000
10.62132 -1.67705 -1.43075 -0.35058 0.00000 0.00000
-10.62132 -0.55902 0.90000 -0.97758 0.00000 0.00000
-9.50329 -0.55902 -0.91459 -1.09099 0.00000 0.00000
-8.38525 -0.55902 -0.06519 1.45704 0.00000 0.00000
-7.26722 -0.55902 1.17128 0.70981 0.00000 0.00000
-6.14919 -0.55902 -1.40164 -0.43941 0.00000 0.00000
-5.03115 -0.55902 -0.36984 1.42590 0.00000 0.00000
-3.91312 -0.55902 -1.12849 -0.89590 0.00000 0.00000
-2.79508 -0.55902 1.24414 -0.46092 0.00000 0.00000
-1.67705 -0.55902 1.23869 0.56418 0.00000 0.00000
-0.55902 -0.55902 0.11954 1.44365 0.00000 0.00000
0.55902 -0.55902 0.72903 -1.11683 0.00000 0.00000
1.67705 -0.55902 0.53014 -1.23175 0.00000 0.00000
2.79508 -0.55902 1.32022 -0.17699 0.00000 0.00000
3.91312 -0.55902 1.32220 0.25341 0.00000 0.00000
5.03115 -0.55902 -0.65746 1.33125 0.00000 0.00000
6.14919 -0.55902 -1.04561 1.07049 0.00000 0.00000
7.26722 -0.55902 -0.79891 -1.16804 0.00000 0.00000
8.38525 -0.55902 -1.42624 0.45501 0.00000 0.00000
9.50329 -0.55902 0.77546 -1.08329 0.00000 0.00000
10.62132 -0.55902 -0.75367 -1.19393 0.00000 0.00000
-10.62132 0.55902 0.86388 -1.01085 0.00000 0.00000
-9.50329 0.55902 0.37914 1.38216 0.00000 0.00000
-8.38525 0.55902 -0.96194 -1.05440 0.00000 0.00000
-7.26722 0.55902 1.00360 -0.86763 0.00000 0.00000
-6.14919 0.55902 -0.44876 -1.31740 0.00000 0.00000
-5.03115 0.55902 0.83936 1.12140 0.00000 0.00000
-3.91312 0.55902 0.44303 1.35875 0.00000 0.00000
-2.79508 0.55902 0.79574 1.15696 0.00000 0.00000
-1.67705 0.55902 1.33158 -0.08691 0.00000 0.00000
-0.55902 0.55902 -1.48293 -0.06472 0.00000 0.00000
0.55902 0.55902 -1.13391 0.97904 0.00000 0.00000
1.67705 0.55902 1.31914 0.27298 0.00000 0.00000
2.79508 0.55902 1.28710 0.41936 0.00000 0.00000
3.91312 0.55902 -0.82753 -1.15048 0.00000 0.00000
5.03115 0.55902 -0.29128 1.44037 0.00000 0.00000
6.14919 0.55902 -0.22901 -1.35937 0.00000 0.00000
7.26722 0.55902 1.07324 0.86754 0.00000 0.00000
8.38525 0.55902 -1.37984 -0.49546 0.00000 0.00000
9.50329 0.55902 -0.86684 -1.12480 0.00000 0.00000
10.62132 0.55902 -0.64951 1.33483 0.00000 0.00000
-10.62132 1.67705 -1.01949 1.09459 0.00000 0.00000
-9.50329 1.67705 1.04540 -0.81580 0.00000 0.00000
-8.38525 1.67705 1.24499 0.54795 0.00000 0.00000
-7.26722 1.67705 1.33328 -0.06729 0.00000 0.00000
-6.14919 1.67705 0.40742 -1.28298 0.00000 0.00000
-5.03115 1.67705 0.60400 -1.19406 0.00000 0.00000
-3.91312 1.67705 0.11248 1.44461 0.00000 0.00000
-2.79508 1.67705 1.26449 -0.40425 0.00000 0.00000
-1.67705 1.67705 0.78547 -1.07567 0.00000 0.00000
-0.55902 1.67705 -0.29047 1.44050 0.00000 0.00000
0.55902 1.67705 -0.52847 -1.29295 0.00000 0.00000
1.67705 1.67705 -0.17612 -1.36418 0.00000 0.00000
2.79508 1.67705 1.33117 -0.09120 0.00000 0.00000
3.91312 1.67705 0.38520 -1.29084 0.00000 0.00000
5.03115 1.67705 -1.46239 -0.21878 0.00000 0.00000
6.14919 1.67705 -1.44102 -0.31347 0.00000 0.00000
7.26722 1.67705 -1.31939 0.71232 0.00000 0.00000
8.38525 1.67705 1.30684 -0.24908 0.00000 0.00000
9.50329 1.67705 0.75020 -1.10189 0.00000 0.00000
10.62132 1.67705 -1.36500 0.61925 0.00000 0.00000
-10.62132 2.79508 0.91067 -0.96730 0.00000 0.00000
-9.50329 2.79508 0.16385 1.43677 0.00000 0.00000
-8.38525 2.79508 0.04991 1.45156 0.00000 0.00000
-7.26722 2.79508 1.27636 0.45642 0.00000 0.00000
-6.14919 2.79508 -1.14863 -0.87283 0.00000 0.00000
-5.03115 2.79508 0.43981 1.36001 0.00000 0.00000
-3.91312 2.79508 -1.30173 -0.65498 0.00000 0.00000
-2.79508 2.79508 -1.21241 -0.79244 0.00000 0.00000
-1.67705 2.79508 0.02816 -1.36407 0.00000 0.00000
-0.55902 2.79508 -1.43362 0.42985 0.00000 0.00000
0.55902 2.79508 -1.48504 -0.03300 0.00000 0.00000
1.67705 2.79508 0.21103 -1.33861 0.00000 0.00000
2.79508 2.79508 1.01466 0.94364 0.00000 0.00000
3.91312 2.79508 -0.93276 -1.07733 0.00000 0.00000
5.03115 2.79508 1.19068 -0.58287 0.00000 0.00000
6.14919 2.79508 -1.39694 0.54137 0.00000 0.00000
7.26722 2.79508 -0.69097 1.31555 0.00000 0.00000
8.38525 2.79508 1.33359 -0.06329 0.00000 0.00000
9.50329 2.79508 0.75144 -1.10100 0.00000 0.00000
10.62132 2.79508 -1.33066 -0.60162 0.00000 0.00000
-10.62132 3.91312 0.90777 -0.97011 0.00000 0.00000
-9.50329 3.91312 1.19240 0.66864 0.00000 0.00000
-8.38525 3.91312 1.29810 0.37680 0.00000 0.00000
-7.26722 3.91312 -1.42598 -0.36661 0.00000 0.00000
-6.14919 3.91312 -1.40839 -0.42050 0.00000 0.00000
-5.03115 3.91312 1.28015 0.44377 0.00000 0.00000
-3.91312 3.91312 -1.31636 -0.62868 0.00000 0.00000
-2.79508 3.91312 1.27740 0.45297 0.00000 0.00000
-1.67705 3.91312 1.05235 -0.80667 0.00000 0.00000
-0.55902 3.91312 1.21976 -0.52045 0.00000 0.00000
0.55902 3.91312 1.33542 -0.03588 0.00000 0.00000
1.67705 3.91312 -0.26538 -1.35489 0.00000 0.00000
2.79508 3.91312 -0.96808 1.13866 0.00000 0.00000
3.91312 3.91312 -0.86127 1.21781 0.00000 0.00000
5.03115 3.91312 1.25176 -0.44058 0.00000 0.00000
6.14919 3.91312 1.33546 0.12445 0.00000 0.00000
7.26722 3.91312 -1.19219 -0.81925 0.00000 0.00000
8.38525 3.91312 0.12825 1.44241 0.00000 0.00000
9.50329 3.91312 0.37037 1.38511 0.00000 0.00000
10.62132 3.91312 1.33653 -0.01329 0.00000 0.00000
-10.62132 5.03115 -0.13261 -1.36663 0.00000 0.00000
-9.50329 5.03115 1.28459 -0.33913 0.00000 0.00000
-8.38525 5.03115 0.73485 -1.11278 0.00000 0.00000
-7.26722 5.03115 1.33744 0.01680 0.00000 0.00000
-6.14919 5.03115 0.77524 -1.08345 0.00000 0.00000
-5.03115 5.03115 -1.27860 0.78333 0.00000 0.00000
-3.91312 5.03115 -1.43173 0.43647 0.00000 0.00000
-2.79508 5.03115 -1.04271 -0.98397 0.00000 0.00000
-1.67705 5.03115 -0.98750 -1.03326 0.00000 0.00000
-0.55902 5.03115 -0.59484 1.35782 0.00000 0.00000
0.55902 5.03115 0.34750 1.39248 0.00000 0.00000
1.67705 5.03115 1.15308 -0.65358 0.00000 0.00000
2.79508 5.03115 -1.34795 -0.56685 0.00000 0.00000
3.91312 5.03115 -1.47247 0.24791 0.00000 0.00000
5.03115 5.03115 -1.20928 -0.79667 0.00000 0.00000
6.14919 5.03115 -1.31876 0.71349 0.00000 0.00000
7.26722 5.03115 -0.90470 1.18749 0.00000 0.00000
8.38525 5.03115 -0.58585 1.36134 0.00000 0.00000
9.50329 5.03115 1.13359 -0.68679 0.00000 0.00000
10.62132 5.03115 0.60168 -1.19532 0.00000 0.00000
-10.62132 6.14919 1.32043 0.26495 0.00000 0.00000
-9.50329 6.14919 0.98214 0.98165 0.00000 0.00000
-8.38525 6.14919 0.53511 -1.22939 0.00000 0.00000
-7.26722 6.14919 1.33401 -0.05768 0.00000 0.00000
-6.14919 6.14919 -1.00489 -1.01829 0.00000 0.00000
-5.03115 6.14919 -1.31989 -0.62214 0.00000 0.00000
-3.91312 6.14919 -1.48094 0.17712 0.00000 0.00000
-2.79508 6.14919 0.70435 -1.13353 0.00000 0.00000
-1.67705 6.14919 -0.51278 -1.29817 0.00000 0.00000
-0.55902 6.14919 1.29552 0.38730 0.00000 0.00000
0.55902 6.14919 -1.39947 -0.44533 0.00000 0.00000
1.67705 6.14919 -0.08967 1.45699 0.00000 0.00000
2.79508 6.14919 -1.22159 0.86907 0.00000 0.00000
3.91312 6.14919 0.65310 -1.16586 0.00000 0.00000
5.03115 6.14919 -0.05104 1.45687 0.00000 0.00000
6.14919 6.14919 0.76097 1.18331 0.00000 0.00000
7.26722 6.14919 0.48604 -1.25173 0.00000 0.00000
8.38525 6.14919 -1.26396 0.80668 0.00000 0.00000
9.50329 6.14919 1.26155 0.50220 0.00000 0.00000
10.62132 6.14919 1.32322 0.24647 0.00000 0.00000
-10.62132 7.26722 1.32080 0.26257 0.00000 0.00000
-9.50329 7.26722 -1.16222 0.94593 0.00000 0.00000
-8.38525 7.26722 0.24159 1.42119 0.00000 0.00000
-7.26722 7.26722 0.59191 1.28985 0.00000 0.00000
-6.14919 7.26722 -1.44111 0.40239 0.00000 0.00000
-5.03115 7.26722 -1.20088 0.89714 0.00000 0.00000
-3.91312 7.26722 -1.47013 -0.17410 0.00000 0.00000
-2.79508 7.26722 -0.34687 -1.34135 0.00000 0.00000
-1.67705 7.26722 -0.58373 1.36217 0.00000 0.00000
-0.55902 7.26722 -0.01609 -1.36660 0.00000 0.00000
0.55902 7.26722 -1.37883 -0.49789 0.00000 0.00000
1.67705 7.26722 0.71208 -1.12837 0.00000 0.00000
2.79508 7.26722 -0.92558 1.17203 0.00000 0.00000
3.91312 7.26722 0.85764 -1.01637 0.00000 0.00000
5.03115 7.26722 1.27321 -0.37735 0.00000 0.00000
6.14919 7.26722 0.33346 1.39680 0.00000 0.00000
7.26722 7.26722 1.26559 0.49023 0.00000 0.00000
8.38525 7.26722 -1.26664 0.80249 0.00000 0.00000
9.50329 7.26722 -0.16249 -1.36509 0.00000 0.00000
10.62132 7.26722 1.33391 0.14831 0.00000 0.00000
-10.62132 8.38525 0.06343 1.45030 0.00000 0.00000
-9.50329 8.38525 0.55022 1.31129 0.00000 0.00000
-8.38525 8.38525 -1.48592 0.10401 0.00000 0.00000
-7.26722 8.38525 -0.08900 -1.36775 0.00000 0.00000
-6.14919 8.38525 -0.03955 1.45663 0.00000 0.00000
-5.03115 8.38525 -0.90256 -1.09979 0.00000 0.00000
-3.91312 8.38525 0.42484 1.36577 0.00000 0.00000
-2.79508 8.38525 1.29333 -0.30670 0.00000 0.00000
-1.67705 8.38525 0.90609 -0.97174 0.00000 0.00000
-0.55902 8.38525 0.87506 1.09005 0.00000 0.00000
0.55902 8.38525 -1.45570 -0.25187 0.00000 0.00000
1.67705 8.38525 0.90888 1.05829 0.00000 0.00000
2.79508 8.38525 1.10739 -0.72842 0.00000 0.00000
3.91312 8.38525 -1.20638 -0.80057 0.00000 0.00000
5.03115 8.38525 -0.32843 -1.34485 0.00000 0.00000
6.14919 8.38525 1.21766 0.61448 0.00000 0.00000
7.26722 8.38525 -0.50123 -1.30189 0.00000 0.00000
8.38525 8.38525 1.32227 0.25297 0.00000 0.00000
9.50329 8.38525 -0.89861 1.19189 0.00000 0.00000
10.62132 8.38525 0.59336 -1.19983 0.00000 0.00000
-10.62132 9.50329 -1.47591 -0.13335 0.00000 0.00000
-9.50329 9.50329 -0.78376 1.26621 0.00000 0.00000
-8.38525 9.50329 -1.45016 0.36584 0.00000 0.00000
-7.26722 9.50329 -1.32743 -0.60785 0.00000 0.00000
-6.14919 9.50329 1.14192 0.76210 0.00000 0.00000
-5.03115 9.50329 0.51752 -1.23766 0.00000 0.00000
-3.91312 9.50329 -1.22373 0.86608 0.00000 0.00000
-2.79508 9.50329 -1.18709 0.91506 0.00000 0.00000
-1.67705 9.50329 1.01293 0.94574 0.00000 0.00000
-0.55902 9.50329 1.04551 0.90489 0.00000 0.00000
0.55902 9.50329 -1.48695 0.06948 0.00000 0.00000
1.67705 9.50329 -1.48491 -0.03534 0.00000 0.00000
2.79508 9.50329 0.34951 1.39185 0.00000 0.00000
3.91312 9.50329 -1.46688 0.28319 0.00000 0.00000
5.03115 9.50329 -0.11580 1.45647 0.00000 0.00000
6.14919 9.50329 1.00016 -0.87168 0.00000 0.00000
7.26722 9.50329 1.26265 -0.40972 0.00000 0.00000
8.38525 9.50329 -0.21280 -1.36106 0.00000 0.00000
9.50329 9.50329 1.19584 0.66161 0.00000 0.00000
10.62132 9.50329 -0.66929 -1.23658 0.00000 0.00000
-10.62132 10.62132 -1.39966 -0.44481 0.00000 0.00000
-9.50329 10.62132 -0.97143 1.13592 0.00000 0.00000
-8.38525 10.62132 0.95397 1.01250 0.00000 0.00000
-7.26722 10.62132 -1.47649 0.21802 0.00000 0.00000
-6.14919 10.62132 0.89502 -0.98231 0.00000 0.00000
-5.03115 10.62132 1.05348 0.89442 0.00000 0.00000
-3.91312 10.62132 -1.45172 0.35911 0.00000 0.00000
-2.79508 10.62132 0.82697 -1.04255 0.00000 0.00000
-1.67705 10.62132 0.96628 0.99924 0.00000 0.00000
-0.55902 10.62132 0.60184 -1.19524 0.00000 0.00000
0.55902 10.62132 1.32341 0.24514 0.00000 0.00000
1.67705 10.62132 0.61363 1.27798 0.00000 0.00000
2.79508 10.62132 0.09266 1.44712 0.00000 0.00000
3.91312 10.62132 0.07161 -1.36022 0.00000 0.00000
5.03115 10.62132 -1.43856 0.41198 0.00000 0.00000
6.14919 10.62132 1.28412 0.43003 0.00000 0.00000
7.26722 10.62132 1.15976 0.73094 0.00000 0.00000
8.38525 10.62132 1.04419 -0.81737 0.00000 0.00000
9.50329 10.62132 -1.24729 -0.74283 0.00000 0.00000
10.62132 10.62132 -1.14062 -0.88212 0.00000 0.00000
