rCut 1.12246
region 22.36068 22.36068
velMag 1.41244
-10.62132 -10.62132 -0.44983 -1.33518 0.00000 0.00000
-10.62132 -9.50329 -0.44870 -1.33183 0.00000 0.00000
-10.62132 -8.38526 -0.44757 -1.32848 0.00000 0.00000
-10.62132 -7.26722 -0.44644 -1.32514 0.00000 0.00000
-10.62132 -6.14919 -0.44532 -1.32179 0.00000 0.00000
-10.62132 -5.03115 -0.44419 -1.31844 0.00000 0.00000
-10.62132 -3.91312 -0.44306 -1.31510 0.00000 0.00000
-10.62132 -2.79509 -0.44194 -1.31175 0.00000 0.00000
-10.62132 -1.67705 -0.44081 -1.30840 0.00000 0.00000
-10.62132 -0.55902 -0.43968 -1.30506 0.00000 0.00000
-10.62132 0.55902 -0.43855 -1.30171 0.00000 0.00000
-10.62132 1.67705 -0.43743 -1.29837 0.00000 0.00000
-10.62132 2.79509 -0.43630 -1.29502 0.00000 0.00000
-10.62132 3.91312 -0.43517 -1.29167 0.00000 0.00000
-10.62132 5.03115 -0.43404 -1.28833 0.00000 0.00000
-10.62132 6.14919 -0.43292 -1.28498 0.00000 0.00000
-10.62132 7.26722 -0.43179 -1.28163 0.00000 0.00000
-10.62132 8.38526 -0.43066 -1.27829 0.00000 0.00000
-10.62132 9.50329 -0.42953 -1.27494 0.00000 0.00000
-10.62132 10.62132 -0.42841 -1.27160 0.00000 0.00000
-9.50329 -10.62132 -0.42728 -1.26825 0.00000 0.00000
-9.50329 -9.50329 -0.42615 -1.26490 0.00000 0.00000
-9.50329 -8.38526 -0.42502 -1.26156 0.00000 0.00000
-9.50329 -7.26722 -0.42390 -1.25821 0.00000 0.00000
-9.50329 -6.14919 -0.42277 -1.25486 0.00000 0.00000
-9.50329 -5.03115 -0.42164 -1.25152 0.00000 0.00000
-9.50329 -3.91312 -0.42052 -1.24817 0.00000 0.00000
-9.50329 -2.79509 -0.41939 -1.24483 0.00000 0.00000
-9.50329 -1.67705 -0.41826 -1.24148 0.00000 0.00000
-9.50329 -0.55902 -0.41713 -1.23813 0.00000 0.00000
-9.50329 0.55902 -0.41601 -1.23479 0.00000 0.00000
-9.50329 1.67705 -0.41488 -1.23144 0.00000 0.00000
-9.50329 2.79509 -0.41375 -1.22809 0.00000 0.00000
-9.50329 3.91312 -0.41262 -1.22475 0.00000 0.00000
-9.50329 5.03115 -0.41150 -1.22140 0.00000 0.00000
-9.50329 6.14919 -0.41037 -1.21805 0.00000 0.00000
-9.50329 7.26722 -0.40924 -1.21471 0.00000 0.00000
-9.50329 8.38526 -0.40811 -1.21136 0.00000 0.00000
-9.50329 9.50329 -0.40699 -1.20802 0.00000 0.00000
-9.50329 10.62132 -0.40586 -1.20467 0.00000 0.00000
-8.38526 -10.62132 -0.40473 -1.20132 0.00000 0.00000
-8.38526 -9.50329 -0.40360 -1.19798 0.00000 0.00000
-8.38526 -8.38526 -0.40248 -1.19463 0.00000 0.00000
-8.38526 -7.26722 -0.40135 -1.19128 0.00000 0.00000
-8.38526 -6.14919 -0.40022 -1.18794 0.00000 0.00000
-8.38526 -5.03115 -0.39909 -1.18459 0.00000 0.00000
-8.38526 -3.91312 -0.39797 -1.18125 0.00000 0.00000
-8.38526 -2.79509 -0.39684 -1.17790 0.00000 0.00000
-8.38526 -1.67705 -0.39571 -1.17455 0.00000 0.00000
-8.38526 -0.55902 -0.39459 -1.17121 0.00000 0.00000
-8.38526 0.55902 -0.39346 -1.16786 0.00000 0.00000
-8.38526 1.67705 -0.39233 -1.16451 0.00000 0.00000
-8.38526 2.79509 -0.39120 -1.16117 0.00000 0.00000
-8.38526 3.91312 -0.39008 -1.15782 0.00000 0.00000
-8.38526 5.03115 -0.38895 -1.15447 0.00000 0.00000
-8.38526 6.14919 -0.38782 -1.15113 0.00000 0.00000
-8.38526 7.26722 -0.38669 -1.14778 0.00000 0.00000
-8.38526 8.38526 -0.38557 -1.14444 0.00000 0.00000
-8.38526 9.50329 -0.38444 -1.14109 0.00000 0.00000
-8.38526 10.62132 -0.38331 -1.13774 0.00000 0.00000
-7.26722 -10.62132 -0.38218 -1.13440 0.00000 0.00000
-7.26722 -9.50329 -0.38106 -1.13105 0.00000 0.00000
-7.26722 -8.38526 -0.37993 -1.12770 0.00000 0.00000
-7.26722 -7.26722 -0.37880 -1.12436 0.00000 0.00000
-7.26722 -6.14919 -0.37767 -1.12101 0.00000 0.00000
-7.26722 -5.03115 -0.37655 -1.11767 0.00000 0.00000
-7.26722 -3.91312 -0.37542 -1.11432 0.00000 0.00000
-7.26722 -2.79509 -0.37429 -1.11097 0.00000 0.00000
-7.26722 -1.67705 -0.37316 -1.10763 0.00000 0.00000
-7.26722 -0.55902 -0.37204 -1.10428 0.00000 0.00000
-7.26722 0.55902 -0.37091 -1.10093 0.00000 0.00000
-7.26722 1.67705 -0.36978 -1.09759 0.00000 0.00000
-7.26722 2.79509 -0.36866 -1.09424 0.00000 0.00000
-7.26722 3.91312 -0.36753 -1.09090 0.00000 0.00000
-7.26722 5.03115 -0.36640 -1.08755 0.00000 0.00000
-7.26722 6.14919 -0.36527 -1.08420 0.00000 0.00000
-7.26722 7.26722 -0.36415 -1.08086 0.00000 0.00000
-7.26722 8.38526 -0.36302 -1.07751 0.00000 0.00000
-7.26722 9.50329 -0.36189 -1.07416 0.00000 0.00000
-7.26722 10.62132 -0.36076 -1.07082 0.00000 0.00000
-6.14919 -10.62132 -0.35964 -1.06747 0.00000 0.00000
-6.14919 -9.50329 -0.35851 -1.06412 0.00000 0.00000
-6.14919 -8.38526 -0.35738 -1.06078 0.00000 0.00000
-6.14919 -7.26722 -0.35625 -1.05743 0.00000 0.00000
-6.14919 -6.14919 -0.35513 -1.05409 0.00000 0.00000
-6.14919 -5.03115 -0.35400 -1.05074 0.00000 0.00000
-6.14919 -3.91312 -0.35287 -1.04739 0.00000 0.00000
-6.14919 -2.79509 -0.35174 -1.04405 0.00000 0.00000
-6.14919 -1.67705 -0.35062 -1.04070 0.00000 0.00000
-6.14919 -0.55902 -0.34949 -1.03735 0.00000 0.00000
-6.14919 0.55902 -0.34836 -1.03401 0.00000 0.00000
-6.14919 1.67705 -0.34723 -1.03066 0.00000 0.00000
-6.14919 2.79509 -0.34611 -1.02732 0.00000 0.00000
-6.14919 3.91312 -0.34498 -1.02397 0.00000 0.00000
-6.14919 5.03115 -0.34385 -1.02062 0.00000 0.00000
-6.14919 6.14919 -0.34273 -1.01728 0.00000 0.00000
-6.14919 7.26722 -0.34160 -1.01393 0.00000 0.00000
-6.14919 8.38526 -0.34047 -1.01058 0.00000 0.00000
-6.14919 9.50329 -0.33934 -1.00724 0.00000 0.00000
-6.14919 10.62132 -0.33822 -1.00389 0.00000 0.00000
-5.03115 -10.62132 -0.33709 -1.00054 0.00000 0.00000
-5.03115 -9.50329 -0.33596 -0.99720 0.00000 0.00000
-5.03115 -8.38526 -0.33483 -0.99385 0.00000 0.00000
-5.03115 -7.26722 -0.33371 -0.99051 0.00000 0.00000
-5.03115 -6.14919 -0.33258 -0.98716 0.00000 0.00000
-5.03115 -5.03115 -0.33145 -0.98381 0.00000 0.00000
-5.03115 -3.91312 -0.33032 -0.98047 0.00000 0.00000
-5.03115 -2.79509 -0.32920 -0.97712 0.00000 0.00000
-5.03115 -1.67705 -0.32807 -0.97377 0.00000 0.00000
-5.03115 -0.55902 -0.32694 -0.97043 0.00000 0.00000
-5.03115 0.55902 -0.32581 -0.96708 0.00000 0.00000
-5.03115 1.67705 -0.32469 -0.96374 0.00000 0.00000
-5.03115 2.79509 -0.32356 -0.96039 0.00000 0.00000
-5.03115 3.91312 -0.32243 -0.95704 0.00000 0.00000
-5.03115 5.03115 -0.32131 -0.95370 0.00000 0.00000
-5.03115 6.14919 -0.32018 -0.95035 0.00000 0.00000
-5.03115 7.26722 -0.31905 -0.94700 0.00000 0.00000
-5.03115 8.38526 -0.31792 -0.94366 0.00000 0.00000
-5.03115 9.50329 -0.31680 -0.94031 0.00000 0.00000
-5.03115 10.62132 -0.31567 -0.93697 0.00000 0.00000
-3.91312 -10.62132 -0.31454 -0.93362 0.00000 0.00000
-3.91312 -9.50329 -0.31341 -0.93027 0.00000 0.00000
-3.91312 -8.38526 -0.31229 -0.92693 0.00000 0.00000
-3.91312 -7.26722 -0.31116 -0.92358 0.00000 0.00000
-3.91312 -6.14919 -0.31003 -0.92023 0.00000 0.00000
-3.91312 -5.03115 -0.30890 -0.91689 0.00000 0.00000
-3.91312 -3.91312 -0.30778 -0.91354 0.00000 0.00000
-3.91312 -2.79509 -0.30665 -0.91019 0.00000 0.00000
-3.91312 -1.67705 -0.30552 -0.90685 0.00000 0.00000
-3.91312 -0.55902 -0.30439 -0.90350 0.00000 0.00000
-3.91312 0.55902 -0.30327 -0.90016 0.00000 0.00000
-3.91312 1.67705 -0.30214 -0.89681 0.00000 0.00000
-3.91312 2.79509 -0.30101 -0.89346 0.00000 0.00000
-3.91312 3.91312 -0.29988 -0.89012 0.00000 0.00000
-3.91312 5.03115 -0.29876 -0.88677 0.00000 0.00000
-3.91312 6.14919 -0.29763 -0.88342 0.00000 0.00000
-3.91312 7.26722 -0.29650 -0.88008 0.00000 0.00000
-3.91312 8.38526 -0.29538 -0.87673 0.00000 0.00000
-3.91312 9.50329 -0.29425 -0.87339 0.00000 0.00000
-3.91312 10.62132 -0.29312 -0.87004 0.00000 0.00000
-2.79509 -10.62132 -0.29199 -0.86669 0.00000 0.00000
-2.79509 -9.50329 -0.29087 -0.86335 0.00000 0.00000
-2.79509 -8.38526 -0.28974 -0.86000 0.00000 0.00000
-2.79509 -7.26722 -0.28861 -0.85665 0.00000 0.00000
-2.79509 -6.14919 -0.28748 -0.85331 0.00000 0.00000
-2.79509 -5.03115 -0.28636 -0.84996 0.00000 0.00000
-2.79509 -3.91312 -0.28523 -0.84661 0.00000 0.00000
-2.79509 -2.79509 -0.28410 -0.84327 0.00000 0.00000
-2.79509 -1.67705 -0.28297 -0.83992 0.00000 0.00000
-2.79509 -0.55902 -0.28185 -0.83658 0.00000 0.00000
-2.79509 0.55902 -0.28072 -0.83323 0.00000 0.00000
-2.79509 1.67705 -0.27959 -0.82988 0.00000 0.00000
-2.79509 2.79509 -0.27846 -0.82654 0.00000 0.00000
-2.79509 3.91312 -0.27734 -0.82319 0.00000 0.00000
-2.79509 5.03115 -0.27621 -0.81984 0.00000 0.00000
-2.79509 6.14919 -0.27508 -0.81650 0.00000 0.00000
-2.79509 7.26722 -0.27395 -0.81315 0.00000 0.00000
-2.79509 8.38526 -0.27283 -0.80981 0.00000 0.00000
-2.79509 9.50329 -0.27170 -0.80646 0.00000 0.00000
-2.79509 10.62132 -0.27057 -0.80311 0.00000 0.00000
-1.67705 -10.62132 -0.26945 -0.79977 0.00000 0.00000
-1.67705 -9.50329 -0.26832 -0.79642 0.00000 0.00000
-1.67705 -8.38526 -0.26719 -0.79307 0.00000 0.00000
-1.67705 -7.26722 -0.26606 -0.78973 0.00000 0.00000
-1.67705 -6.14919 -0.26494 -0.78638 0.00000 0.00000
-1.67705 -5.03115 -0.26381 -0.78304 0.00000 0.00000
-1.67705 -3.91312 -0.26268 -0.77969 0.00000 0.00000
-1.67705 -2.79509 -0.26155 -0.77634 0.00000 0.00000
-1.67705 -1.67705 -0.26043 -0.77300 0.00000 0.00000
-1.67705 -0.55902 -0.25930 -0.76965 0.00000 0.00000
-1.67705 0.55902 -0.25817 -0.76630 0.00000 0.00000
-1.67705 1.67705 -0.25704 -0.76296 0.00000 0.00000
-1.67705 2.79509 -0.25592 -0.75961 0.00000 0.00000
-1.67705 3.91312 -0.25479 -0.75626 0.00000 0.00000
-1.67705 5.03115 -0.25366 -0.75292 0.00000 0.00000
-1.67705 6.14919 -0.25253 -0.74957 0.00000 0.00000
-1.67705 7.26722 -0.25141 -0.74623 0.00000 0.00000
-1.67705 8.38526 -0.25028 -0.74288 0.00000 0.00000
-1.67705 9.50329 -0.24915 -0.73953 0.00000 0.00000
-1.67705 10.62132 -0.24802 -0.73619 0.00000 0.00000
-0.55902 -10.62132 -0.24690 -0.73284 0.00000 0.00000
-0.55902 -9.50329 -0.24577 -0.72949 0.00000 0.00000
-0.55902 -8.38526 -0.24464 -0.72615 0.00000 0.00000
-0.55902 -7.26722 -0.24352 -0.72280 0.00000 0.00000
-0.55902 -6.14919 -0.24239 -0.71946 0.00000 0.00000
-0.55902 -5.03115 -0.24126 -0.71611 0.00000 0.00000
-0.55902 -3.91312 -0.24013 -0.71276 0.00000 0.00000
-0.55902 -2.79509 -0.23901 -0.70942 0.00000 0.00000
-0.55902 -1.67705 -0.23788 -0.70607 0.00000 0.00000
-0.55902 -0.55902 -0.23675 -0.70272 0.00000 0.00000
-0.55902 0.55902 -0.23562 -0.69938 0.00000 0.00000
-0.55902 1.67705 -0.23450 -0.69603 0.00000 0.00000
-0.55902 2.79509 -0.23337 -0.69268 0.00000 0.00000
-0.55902 3.91312 -0.23224 -0.68934 0.00000 0.00000
-0.55902 5.03115 -0.23111 -0.68599 0.00000 0.00000
-0.55902 6.14919 -0.22999 -0.68265 0.00000 0.00000
-0.55902 7.26722 -0.22886 -0.67930 0.00000 0.00000
-0.55902 8.38526 -0.22773 -0.67595 0.00000 0.00000
-0.55902 9.50329 -0.22660 -0.67261 0.00000 0.00000
-0.55902 10.62132 -0.22548 -0.66926 0.00000 0.00000
0.55902 -10.62132 -0.22435 -0.66591 0.00000 0.00000
0.55902 -9.50329 -0.22322 -0.66257 0.00000 0.00000
0.55902 -8.38526 -0.22210 -0.65922 0.00000 0.00000
0.55902 -7.26722 -0.22097 -0.65588 0.00000 0.00000
0.55902 -6.14919 -0.21984 -0.65253 0.00000 0.00000
0.55902 -5.03115 -0.21871 -0.64918 0.00000 0.00000
0.55902 -3.91312 -0.21759 -0.64584 0.00000 0.00000
0.55902 -2.79509 -0.21646 -0.64249 0.00000 0.00000
0.55902 -1.67705 -0.21533 -0.63914 0.00000 0.00000
0.55902 -0.55902 -0.21420 -0.63580 0.00000 0.00000
0.55902 0.55902 -0.21308 -0.63245 0.00000 0.00000
0.55902 1.67705 -0.21195 -0.62911 0.00000 0.00000
0.55902 2.79509 -0.21082 -0.62576 0.00000 0.00000
0.55902 3.91312 -0.20969 -0.62241 0.00000 0.00000
0.55902 5.03115 -0.20857 -0.61907 0.00000 0.00000
0.55902 6.14919 -0.20744 -0.61572 0.00000 0.00000
0.55902 7.26722 -0.20631 -0.61237 0.00000 0.00000
0.55902 8.38526 -0.20518 -0.60903 0.00000 0.00000
0.55902 9.50329 -0.20406 -0.60568 0.00000 0.00000
0.55902 10.62132 -0.20293 -0.60233 0.00000 0.00000
1.67705 -10.62132 -0.20180 -0.59899 0.00000 0.00000
1.67705 -9.50329 -0.20067 -0.59564 0.00000 0.00000
1.67705 -8.38526 -0.19955 -0.59230 0.00000 0.00000
1.67705 -7.26722 -0.19842 -0.58895 0.00000 0.00000
1.67705 -6.14919 -0.19729 -0.58560 0.00000 0.00000
1.67705 -5.03115 -0.19617 -0.58226 0.00000 0.00000
1.67705 -3.91312 -0.19504 -0.57891 0.00000 0.00000
1.67705 -2.79509 -0.19391 -0.57556 0.00000 0.00000
1.67705 -1.67705 -0.19278 -0.57222 0.00000 0.00000
1.67705 -0.55902 -0.19166 -0.56887 0.00000 0.00000
1.67705 0.55902 -0.19053 -0.56553 0.00000 0.00000
1.67705 1.67705 -0.18940 -0.56218 0.00000 0.00000
1.67705 2.79509 -0.18827 -0.55883 0.00000 0.00000
1.67705 3.91312 -0.18715 -0.55549 0.00000 0.00000
1.67705 5.03115 -0.18602 -0.55214 0.00000 0.00000
1.67705 6.14919 -0.18489 -0.54879 0.00000 0.00000
1.67705 7.26722 -0.18376 -0.54545 0.00000 0.00000
1.67705 8.38526 -0.18264 -0.54210 0.00000 0.00000
1.67705 9.50329 -0.18151 -0.53875 0.00000 0.00000
1.67705 10.62132 -0.18038 -0.53541 0.00000 0.00000
2.79509 -10.62132 -0.17925 -0.53206 0.00000 0.00000
2.79509 -9.50329 -0.17813 -0.52872 0.00000 0.00000
2.79509 -8.38526 -0.17700 -0.52537 0.00000 0.00000
2.79509 -7.26722 -0.17587 -0.52202 0.00000 0.00000
2.79509 -6.14919 -0.17474 -0.51868 0.00000 0.00000
2.79509 -5.03115 -0.17362 -0.51533 0.00000 0.00000
2.79509 -3.91312 -0.17249 -0.51198 0.00000 0.00000
2.79509 -2.79509 -0.17136 -0.50864 0.00000 0.00000
2.79509 -1.67705 -0.17024 -0.50529 0.00000 0.00000
2.79509 -0.55902 -0.16911 -0.50195 0.00000 0.00000
2.79509 0.55902 -0.16798 -0.49860 0.00000 0.00000
2.79509 1.67705 -0.16685 -0.49525 0.00000 0.00000
2.79509 2.79509 -0.16573 -0.49191 0.00000 0.00000
2.79509 3.91312 -0.16460 -0.48856 0.00000 0.00000
2.79509 5.03115 -0.16347 -0.48521 0.00000 0.00000
2.79509 6.14919 -0.16234 -0.48187 0.00000 0.00000
2.79509 7.26722 -0.16122 -0.47852 0.00000 0.00000
2.79509 8.38526 -0.16009 -0.47518 0.00000 0.00000
2.79509 9.50329 -0.15896 -0.47183 0.00000 0.00000
2.79509 10.62132 -0.15783 -0.46848 0.00000 0.00000
3.91312 -10.62132 -0.15671 -0.46514 0.00000 0.00000
3.91312 -9.50329 -0.15558 -0.46179 0.00000 0.00000
3.91312 -8.38526 -0.15445 -0.45844 0.00000 0.00000
3.91312 -7.26722 -0.15332 -0.45510 0.00000 0.00000
3.91312 -6.14919 -0.15220 -0.45175 0.00000 0.00000
3.91312 -5.03115 -0.15107 -0.44840 0.00000 0.00000
3.91312 -3.91312 -0.14994 -0.44506 0.00000 0.00000
3.91312 -2.79509 -0.14881 -0.44171 0.00000 0.00000
3.91312 -1.67705 -0.14769 -0.43837 0.00000 0.00000
3.91312 -0.55902 -0.14656 -0.43502 0.00000 0.00000
3.91312 0.55902 -0.14543 -0.43167 0.00000 0.00000
3.91312 1.67705 -0.14431 -0.42833 0.00000 0.00000
3.91312 2.79509 -0.14318 -0.42498 0.00000 0.00000
3.91312 3.91312 -0.14205 -0.42163 0.00000 0.00000
3.91312 5.03115 -0.14092 -0.41829 0.00000 0.00000
3.91312 6.14919 -0.13980 -0.41494 0.00000 0.00000
3.91312 7.26722 -0.13867 -0.41160 0.00000 0.00000
3.91312 8.38526 -0.13754 -0.40825 0.00000 0.00000
3.91312 9.50329 -0.13641 -0.40490 0.00000 0.00000
3.91312 10.62132 -0.13529 -0.40156 0.00000 0.00000
5.03115 -10.62132 -0.13416 -0.39821 0.00000 0.00000
5.03115 -9.50329 -0.13303 -0.39486 0.00000 0.00000
5.03115 -8.38526 -0.13190 -0.39152 0.00000 0.00000
5.03115 -7.26722 -0.13078 -0.38817 0.00000 0.00000
5.03115 -6.14919 -0.12965 -0.38482 0.00000 0.00000
5.03115 -5.03115 -0.12852 -0.38148 0.00000 0.00000
5.03115 -3.91312 -0.12739 -0.37813 0.00000 0.00000
5.03115 -2.79509 -0.12627 -0.37479 0.00000 0.00000
5.03115 -1.67705 -0.12514 -0.37144 0.00000 0.00000
5.03115 -0.55902 -0.12401 -0.36809 0.00000 0.00000
5.03115 0.55902 -0.12289 -0.36475 0.00000 0.00000
5.03115 1.67705 -0.12176 -0.36140 0.00000 0.00000
5.03115 2.79509 -0.12063 -0.35805 0.00000 0.00000
5.03115 3.91312 -0.11950 -0.35471 0.00000 0.00000
5.03115 5.03115 -0.11838 -0.35136 0.00000 0.00000
5.03115 6.14919 -0.11725 -0.34802 0.00000 0.00000
5.03115 7.26722 -0.11612 -0.34467 0.00000 0.00000
5.03115 8.38526 -0.11499 -0.34132 0.00000 0.00000
5.03115 9.50329 -0.11387 -0.33798 0.00000 0.00000
5.03115 10.62132 -0.11274 -0.33463 0.00000 0.00000
6.14919 -10.62132 -0.11161 -0.33128 0.00000 0.00000
6.14919 -9.50329 -0.11048 -0.32794 0.00000 0.00000
6.14919 -8.38526 -0.10936 -0.32459 0.00000 0.00000
6.14919 -7.26722 -0.10823 -0.32125 0.00000 0.00000
6.14919 -6.14919 -0.10710 -0.31790 0.00000 0.00000
6.14919 -5.03115 -0.10597 -0.31455 0.00000 0.00000
6.14919 -3.91312 -0.10485 -0.31121 0.00000 0.00000
6.14919 -2.79509 -0.10372 -0.30786 0.00000 0.00000
6.14919 -1.67705 -0.10259 -0.30451 0.00000 0.00000
6.14919 -0.55902 -0.10146 -0.30117 0.00000 0.00000
6.14919 0.55902 -0.10034 -0.29782 0.00000 0.00000
6.14919 1.67705 -0.09921 -0.29447 0.00000 0.00000
6.14919 2.79509 -0.09808 -0.29113 0.00000 0.00000
6.14919 3.91312 -0.09696 -0.28778 0.00000 0.00000
6.14919 5.03115 -0.09583 -0.28444 0.00000 0.00000
6.14919 6.14919 -0.09470 -0.28109 0.00000 0.00000
6.14919 7.26722 -0.09357 -0.27774 0.00000 0.00000
6.14919 8.38526 -0.09245 -0.27440 0.00000 0.00000
6.14919 9.50329 -0.09132 -0.27105 0.00000 0.00000
6.14919 10.62132 -0.09019 -0.26770 0.00000 0.00000
7.26722 -10.62132 -0.08906 -0.26436 0.00000 0.00000
7.26722 -9.50329 -0.08794 -0.26101 0.00000 0.00000
7.26722 -8.38526 -0.08681 -0.25767 0.00000 0.00000
7.26722 -7.26722 -0.08568 -0.25432 0.00000 0.00000
7.26722 -6.14919 -0.08455 -0.25097 0.00000 0.00000
7.26722 -5.03115 -0.08343 -0.24763 0.00000 0.00000
7.26722 -3.91312 -0.08230 -0.24428 0.00000 0.00000
7.26722 -2.79509 -0.08117 -0.24093 0.00000 0.00000
7.26722 -1.67705 -0.08004 -0.23759 0.00000 0.00000
7.26722 -0.55902 -0.07892 -0.23424 0.00000 0.00000
7.26722 0.55902 -0.07779 -0.23089 0.00000 0.00000
7.26722 1.67705 -0.07666 -0.22755 0.00000 0.00000
7.26722 2.79509 -0.07553 -0.22420 0.00000 0.00000
7.26722 3.91312 -0.07441 -0.22086 0.00000 0.00000
7.26722 5.03115 -0.07328 -0.21751 0.00000 0.00000
7.26722 6.14919 -0.07215 -0.21416 0.00000 0.00000
7.26722 7.26722 -0.07103 -0.21082 0.00000 0.00000
7.26722 8.38526 -0.06990 -0.20747 0.00000 0.00000
7.26722 9.50329 -0.06877 -0.20412 0.00000 0.00000
7.26722 10.62132 -0.06764 -0.20078 0.00000 0.00000
8.38526 -10.62132 -0.06652 -0.19743 0.00000 0.00000
8.38526 -9.50329 -0.06539 -0.19409 0.00000 0.00000
8.38526 -8.38526 -0.06426 -0.19074 0.00000 0.00000
8.38526 -7.26722 -0.06313 -0.18739 0.00000 0.00000
8.38526 -6.14919 -0.06201 -0.18405 0.00000 0.00000
8.38526 -5.03115 -0.06088 -0.18070 0.00000 0.00000
8.38526 -3.91312 -0.05975 -0.17735 0.00000 0.00000
8.38526 -2.79509 -0.05862 -0.17401 0.00000 0.00000
8.38526 -1.67705 -0.05750 -0.17066 0.00000 0.00000
8.38526 -0.55902 -0.05637 -0.16732 0.00000 0.00000
8.38526 0.55902 -0.05524 -0.16397 0.00000 0.00000
8.38526 1.67705 -0.05411 -0.16062 0.00000 0.00000
8.38526 2.79509 -0.05299 -0.15728 0.00000 0.00000
8.38526 3.91312 -0.05186 -0.15393 0.00000 0.00000
8.38526 5.03115 -0.05073 -0.15058 0.00000 0.00000
8.38526 6.14919 -0.04960 -0.14724 0.00000 0.00000
8.38526 7.26722 -0.04848 -0.14389 0.00000 0.00000
8.38526 8.38526 -0.04735 -0.14054 0.00000 0.00000
8.38526 9.50329 -0.04622 -0.13720 0.00000 0.00000
8.38526 10.62132 -0.04510 -0.13385 0.00000 0.00000
9.50329 -10.62132 -0.04397 -0.13051 0.00000 0.00000
9.50329 -9.50329 -0.04284 -0.12716 0.00000 0.00000
9.50329 -8.38526 -0.04171 -0.12381 0.00000 0.00000
9.50329 -7.26722 -0.04059 -0.12047 0.00000 0.00000
9.50329 -6.14919 -0.03946 -0.11712 0.00000 0.00000
9.50329 -5.03115 -0.03833 -0.11377 0.00000 0.00000
9.50329 -3.91312 -0.03720 -0.11043 0.00000 0.00000
9.50329 -2.79509 -0.03608 -0.10708 0.00000 0.00000
9.50329 -1.67705 -0.03495 -0.10374 0.00000 0.00000
9.50329 -0.55902 -0.03382 -0.10039 0.00000 0.00000
9.50329 0.55902 -0.03269 -0.09704 0.00000 0.00000
9.50329 1.67705 -0.03157 -0.09370 0.00000 0.00000
9.50329 2.79509 -0.03044 -0.09035 0.00000 0.00000
9.50329 3.91312 -0.02931 -0.08700 0.00000 0.00000
9.50329 5.03115 -0.02818 -0.08366 0.00000 0.00000
9.50329 6.14919 -0.02706 -0.08031 0.00000 0.00000
9.50329 7.26722 -0.02593 -0.07696 0.00000 0.00000
9.50329 8.38526 -0.02480 -0.07362 0.00000 0.00000
9.50329 9.50329 -0.02368 -0.07027 0.00000 0.00000
9.50329 10.62132 -0.02255 -0.06693 0.00000 0.00000
10.62132 -10.62132 -0.02142 -0.06358 0.00000 0.00000
10.62132 -9.50329 -0.02029 -0.06023 0.00000 0.00000
10.62132 -8.38526 -0.01917 -0.05689 0.00000 0.00000
10.62132 -7.26722 -0.01804 -0.05354 0.00000 0.00000
10.62132 -6.14919 -0.01691 -0.05019 0.00000 0.00000
10.62132 -5.03115 -0.01578 -0.04685 0.00000 0.00000
10.62132 -3.91312 -0.01466 -0.04350 0.00000 0.00000
10.62132 -2.79509 -0.01353 -0.04016 0.00000 0.00000
10.62132 -1.67705 -0.01240 -0.03681 0.00000 0.00000
10.62132 -0.55902 -0.01127 -0.03346 0.00000 0.00000
10.62132 0.55902 -0.01015 -0.03012 0.00000 0.00000
10.62132 1.67705 -0.00902 -0.02677 0.00000 0.00000
10.62132 2.79509 -0.00789 -0.02342 0.00000 0.00000
10.62132 3.91312 -0.00676 -0.02008 0.00000 0.00000
10.62132 5.03115 -0.00564 -0.01673 0.00000 0.00000
10.62132 6.14919 -0.00451 -0.01339 0.00000 0.00000
10.62132 7.26722 -0.00338 -0.01004 0.00000 0.00000
10.62132 8.38526 -0.00225 -0.00669 0.00000 0.00000
10.62132 9.50329 -0.00113 -0.00335 0.00000 0.00000
10.62132 10.62132 0.00000 -0.00000 0.00000 0.00000
